Plane
(-10, 30, 0), (10, 30, 0), (10, 30, 20), (-10, 30, 20)
255, 255, 200

Plane
(-10, 50, 0), (10, 50, 0), (10, 50, 20), (-10, 50, 20)
255, 255, 200

Plane
(-10, 30, 0), (-10, 50, 0), (-10, 50, 20), (-10, 30, 20)
235, 235, 180

Plane
(10, 30, 0), (10, 50, 0), (10, 50, 20), (10, 30, 20)
235, 235, 180

Plane
(-10, 30, 0), (-10, 50, 0), (10, 50, 0), (10, 30, 0)
205, 205, 150

Plane
(-10, 30, 20), (-10, 50, 20), (0, 50, 30), (0, 30, 30)
180, 0, 0

Plane
(0, 30, 30), (0, 50, 30), (10, 50, 20), (10, 30, 20)
200, 0, 0

Plane
(10, 30, 20), (0, 30, 30), (-10, 30, 20)
255, 255, 200

Plane
(10, 50, 20), (0, 50, 30), (-10, 50, 20)
255, 255, 200